0001 00001 1 1 2 0
005c 00092 1 0 2 0
012c 00300 0 0 2 0
0141 00321 2 0 2 0
0185 00389 2 0 2 0
018b 00395 0 0 2 0
01d2 00466 2 0 2 0
01ef 00495 0 1 2 0
0228 00552 1 1 2 0
0229 00553 0 1 2 0
0354 00852 0 0 2 0
0358 00856 1 0 2 0
035a 00858 0 1 2 0
0364 00868 0 0 2 0
0366 00870 0 0 2 0
0372 00882 0 2 2 0
0375 00885 0 0 2 0
037e 00894 2 0 2 0
0383 00899 1 0 2 0
076e 01902 0 0 2 0
0776 01910 0 0 2 0
0778 01912 1 0 2 0
078e 01934 0 0 2 0
0795 01941 0 1 2 0
0798 01944 1 1 2 0
07a8 01960 1 1 2 0
07ad 01965 1 0 2 0
084e 02126 2 0 1 1
084f 02127 0 0 2 0
0854 02132 2 0 2 0
0865 02149 0 0 2 0
088c 02188 0 0 2 0
08b8 02232 0 2 2 0
09e7 02535 1 1 2 0
0a15 02581 0 0 2 0
0a1b 02587 0 1 2 0
0a72 02674 2 0 2 0
0a87 02695 0 0 2 0
0a88 02696 1 1 2 0
0a92 02706 1 1 2 0
0a96 02710 0 0 2 0
0ad1 02769 0 0 2 0
0af5 02805 0 0 2 0
0b00 02816 2 0 2 0
0b0f 02831 0 2 2 0
0b3a 02874 0 1 2 0
0b3c 02876 0 0 2 0
0b3e 02878 2 0 2 0
0d94 03476 0 2 2 0
0ee8 03816 0 0 2 0
0ee9 03817 0 0 2 0
0eea 03818 1 1 2 0
0ef6 03830 2 0 2 0
0ef8 03832 1 1 2 0
0ef9 03833 0 0 2 0
0efc 03836 0 2 2 0
0efd 03837 0 1 2 0
0efe 03838 0 0 2 0
0eff 03839 0 1 2 0
0f01 03841 0 0 2 0
0f1c 03868 2 0 2 0
1006 04102 1 1 2 0
100e 04110 1 0 2 0
1030 04144 1 1 2 0
1042 04162 1 0 2 0
1045 04165 0 0 2 0
1047 04167 0 1 2 0
107c 04220 1 0 2 0
10d5 04309 1 0 2 0
10de 04318 1 1 2 0
10e2 04322 0 1 2 0
10f4 04340 0 0 2 0
10fb 04347 1 1 2 0
10fe 04350 0 1 2 0
1112 04370 1 1 2 0
1113 04371 1 0 2 0
1118 04376 0 0 2 0
111b 04379 0 0 2 0
1121 04385 0 1 2 0
112e 04398 0 0 2 0
1132 04402 0 1 2 0
1135 04405 1 1 2 0
1137 04407 0 0 2 0
1147 04423 1 0 2 0
114a 04426 0 1 2 0
1154 04436 2 0 2 0
1157 04439 2 0 2 0
1163 04451 0 0 2 0
1170 04464 0 1 2 0
11b0 04528 0 0 2 0
11bb 04539 0 0 2 0
11bf 04543 0 2 2 0
11c3 04547 2 0 2 0
11c4 04548 1 0 2 0
11db 04571 0 0 2 0
11dc 04572 0 0 2 0
11e2 04578 1 0 2 0
11e3 04579 1 1 2 0
11e4 04580 0 2 2 0
11e5 04581 0 0 2 0
11eb 04587 1 1 2 0
1286 04742 0 1 2 0
1288 04744 0 1 2 0
1291 04753 1 0 2 0
1293 04755 1 0 2 0
129f 04767 1 0 2 0
12a2 04770 0 0 2 0
12a4 04772 1 0 2 0
12a8 04776 1 0 2 0
12ab 04779 0 1 2 0
12ac 04780 1 0 2 0
12ad 04781 0 1 2 0
1386 04998 2 0 2 0
1387 04999 1 0 2 0
138c 05004 1 0 2 0
1392 05010 0 0 2 0
139a 05018 0 1 2 0
13aa 05034 0 2 2 0
13ac 05036 0 1 2 0
13ae 05038 0 1 2 0
13ca 05066 0 0 2 0
13d6 05078 0 0 2 0
13d9 05081 1 1 2 0
13e0 05088 1 0 2 0
13e2 05090 0 1 1 1
13e4 05092 0 0 0 2
13ee 05102 1 0 0 2
13ef 05103 1 1 0 2
13f0 05104 0 0 0 2
1404 05124 2 0 0 2
142f 05167 0 1 0 2
1434 05172 0 1 1 1
1435 05173 0 2 0 2
1437 05175 2 0 1 1
1443 05187 0 0 0 2
1444 05188 0 0 1 1
14ab 05291 1 0 2 0
14ad 05293 2 0 2 0
14ae 05294 0 1 2 0
14be 05310 1 0 2 0
14c4 05316 1 0 2 0
14cd 05325 0 1 2 0
14dd 05341 0 0 2 0
14e1 05345 0 1 2 0
1502 05378 0 1 2 0
1509 05385 0 1 2 0
150a 05386 0 0 2 0
150b 05387 1 1 2 0
1514 05396 1 0 2 0
1517 05399 0 2 2 0
1518 05400 1 1 2 0
1519 05401 0 0 2 0
151c 05404 2 0 2 0
1532 05426 0 1 2 0
1539 05433 0 2 2 0
153b 05435 1 0 2 0
154a 05450 1 0 2 0
154f 05455 0 0 2 0
1550 05456 0 0 2 0
155a 05466 0 0 2 0
15d9 05593 2 0 2 0
15e7 05607 2 0 2 0
15e8 05608 0 0 2 0
15f4 05620 0 1 2 0
1611 05649 1 1 2 0
1612 05650 0 0 2 0
1624 05668 1 1 2 0
1625 05669 0 2 2 0
162a 05674 0 1 2 0
1633 05683 0 0 2 0
1635 05685 0 0 2 0
163c 05692 1 0 2 0
163f 05695 2 0 2 0
1643 05699 0 1 2 0
1645 05701 0 1 2 0
1646 05702 0 0 2 0
164b 05707 0 0 2 0
1665 05733 1 1 2 0
1669 05737 1 0 2 0
166c 05740 2 0 2 0
166e 05742 0 0 2 0
167c 05756 0 1 2 0
1689 05769 0 1 2 0
1698 05784 0 1 2 0
1710 05904 2 0 2 0
1725 05925 0 0 2 0
172a 05930 0 0 2 0
172c 05932 2 0 1 1
1730 05936 1 1 2 0
1734 05940 0 1 2 0
174b 05963 0 1 2 0
174d 05965 0 1 2 0
176a 05994 1 1 2 0
1778 06008 2 0 2 0
177f 06015 0 0 2 0
1783 06019 0 2 2 0
1786 06022 2 0 2 0
178a 06026 0 0 2 0
1797 06039 0 0 2 0
179a 06042 1 1 2 0
179b 06043 0 0 2 0
17b4 06068 0 0 2 0
17bf 06079 0 0 2 0
17c6 06086 0 2 2 0
17cb 06091 0 0 2 0
17cc 06092 0 0 2 0
17e8 06120 0 0 2 0
17eb 06123 1 0 2 0
17ee 06126 0 2 2 0
17f0 06128 1 0 2 0
17f1 06129 1 1 2 0
17f2 06130 1 1 2 0
17f8 06136 1 1 2 0
181a 06170 1 1 2 0
1896 06294 2 0 2 0
1897 06295 1 0 2 0
1899 06297 1 0 2 0
18b9 06329 0 1 2 0
18be 06334 0 2 2 0
18d2 06354 0 1 2 0
18eb 06379 0 0 2 0
18f0 06384 0 1 2 0
18f4 06388 1 1 2 0
1901 06401 1 0 2 0
1902 06402 0 0 2 0
1922 06434 2 0 2 0
1945 06469 1 1 2 0
1947 06471 0 0 2 0
194c 06476 0 2 2 0
194d 06477 0 0 2 0
194f 06479 0 1 2 0
1964 06500 0 1 2 0
196f 06511 0 2 2 0
1971 06513 1 0 2 0
1972 06514 0 0 2 0
1973 06515 1 0 2 0
1974 06516 0 1 2 0
1975 06517 1 1 2 0
197b 06523 0 0 2 0
19ac 06572 0 0 2 0
19b0 06576 1 1 2 0
19b7 06583 0 0 2 0
19bc 06588 2 0 2 0
1a2c 06700 0 0 2 0
1a37 06711 0 1 2 0
1a4a 06730 0 0 2 0
1a4b 06731 0 0 2 0
1a4c 06732 1 1 2 0
1a7a 06778 2 0 2 0
1b4e 06990 0 0 2 0
1b51 06993 0 0 2 0
1c12 07186 0 1 2 0
1d14 07444 1 1 2 0
1d24 07460 0 1 2 0
1d41 07489 0 0 2 0
1d43 07491 0 0 2 0
1d45 07493 2 0 2 0
1d4e 07502 0 1 2 0
1d50 07504 2 0 2 0
1d52 07506 0 0 2 0
1d66 07526 0 0 2 0
1d69 07529 1 1 2 0
1d74 07540 1 0 2 0
1d84 07556 1 0 2 0
1d9a 07578 0 0 2 0
1da0 07584 2 0 2 0
1da1 07585 0 2 2 0
1da3 07587 0 2 2 0
1da4 07588 0 0 2 0
1dba 07610 0 2 2 0
1dd4 07636 0 0 2 0
1dd5 07637 1 0 2 0
1e01 07681 1 1 2 0
1e06 07686 0 0 2 0
1e0c 07692 1 0 2 0
1e25 07717 1 1 2 0
1e28 07720 0 1 2 0
1e2a 07722 0 0 2 0
1e39 07737 1 0 2 0
1ea2 07842 0 1 2 0
1ea4 07844 0 2 2 0
1eb2 07858 0 0 2 0
1eb4 07860 1 0 2 0
1ec0 07872 1 0 2 0
1ec1 07873 1 1 2 0
1ecb 07883 1 0 2 0
1ecc 07884 0 0 2 0
1ed3 07891 0 0 2 0
1ee4 07908 0 1 2 0
1eed 07917 1 1 2 0
20a1 08353 2 0 2 0
20c2 08386 0 1 2 0
20cd 08397 0 0 2 0
20df 08415 1 0 2 0
20e0 08416 0 0 2 0
20e1 08417 1 1 2 0
20e6 08422 0 0 2 0
20fb 08443 0 0 0 2
20fc 08444 2 0 0 2
210b 08459 0 2 0 2
2110 08464 0 0 0 2
2112 08466 0 0 0 2
212f 08495 0 0 0 2
2131 08497 0 2 0 2
2147 08519 0 0 0 2
214c 08524 1 1 0 2
214d 08525 1 0 0 2
2155 08533 2 0 0 2
216b 08555 0 0 2 0
216d 08557 0 0 2 0
2188 08584 1 1 2 0
218d 08589 1 0 2 0
21a1 08609 0 1 2 0
21aa 08618 1 0 2 0
21ac 08620 0 2 2 0
21b7 08631 1 0 2 0
21bb 08635 2 0 2 0
229f 08863 0 0 2 0
22a0 08864 0 0 2 0
22be 08894 0 0 2 0
22d6 08918 0 2 2 0
22da 08922 0 1 2 0
22f5 08949 1 0 2 0
22f7 08951 2 0 2 0
2323 08995 0 1 2 0
232b 09003 2 0 2 0
232c 09004 1 0 2 0
2330 09008 0 0 2 0
2332 09010 0 0 2 0
2346 09030 0 0 2 0
2347 09031 0 2 2 0
2363 09059 1 0 2 0
2365 09061 0 1 2 0
2369 09065 1 1 2 0
236b 09067 1 0 2 0
23f1 09201 0 1 1 1
23fb 09211 0 0 2 0
2403 09219 1 0 2 0
2416 09238 0 1 2 0
241c 09244 0 0 2 0
241d 09245 0 1 2 0
2442 09282 1 0 2 0
2485 09349 0 0 2 0
2996 10646 0 2 2 0
29ec 10732 0 0 1 1
2a26 10790 0 1 2 0
2a53 10835 0 1 1 1
2a8a 10890 0 1 2 0
2a9e 10910 0 0 2 0
2ab0 10928 0 0 2 0
2af7 10999 1 1 2 0
2aff 11007 0 0 2 0
2b93 11155 0 0 2 0
2d9f 11679 1 0 2 0
2da0 11680 0 2 2 0
2db1 11697 0 0 2 0
2f20 12064 0 1 2 0
2f2f 12079 1 1 2 0
2f31 12081 0 0 2 0
2f34 12084 0 1 2 0
2f41 12097 0 0 2 0
2f43 12099 1 0 2 0
2f46 12102 0 0 2 0
2f47 12103 2 0 2 0
2f59 12121 1 1 2 0
2f7c 12156 0 1 2 0
2f7d 12157 2 0 2 0
2f80 12160 0 1 2 0
3054 12372 2 0 2 0
306d 12397 1 1 2 0
308d 12429 0 0 2 0
3091 12433 1 1 2 0
3092 12434 0 1 2 0
30ab 12459 0 0 2 0
30ac 12460 0 1 2 0
31df 12767 1 1 2 0
31e9 12777 0 0 2 0
3217 12823 0 0 2 0
3219 12825 1 0 2 0
321f 12831 1 1 2 0
3222 12834 1 0 2 0
3227 12839 1 1 2 0
323f 12863 0 1 2 0
3261 12897 0 1 2 0
3271 12913 1 0 2 0
3299 12953 1 0 2 0
3530 13616 0 0 2 0
3538 13624 0 1 2 0
353b 13627 0 0 2 0
353c 13628 0 0 2 0
353e 13630 2 0 2 0
353f 13631 0 1 2 0
3541 13633 2 0 2 0
3571 13681 1 0 2 0
3572 13682 0 1 2 0
3582 13698 0 2 1 1
358c 13708 2 0 2 0
3597 13719 0 0 2 0
35aa 13738 2 0 2 0
35b9 13753 1 1 2 0
35c9 13769 1 0 2 0
35cc 13772 1 1 2 0
35dc 13788 1 0 1 1
3685 13957 0 0 2 0
3693 13971 0 2 2 0
3698 13976 0 0 2 0
36bd 14013 0 0 2 0
36c0 14016 0 0 2 0
36c1 14017 0 1 2 0
36c7 14023 0 0 2 0
36de 14046 1 0 2 0
36e0 14048 1 0 2 0
36e4 14052 0 0 2 0
36ed 14061 1 1 2 0
36ef 14063 0 1 2 0
36f1 14065 0 1 2 0
36fe 14078 0 0 2 0
36ff 14079 0 0 2 0
3703 14083 0 0 2 0
3705 14085 1 1 2 0
3707 14087 1 1 2 0
370e 14094 0 1 2 0
37de 14302 0 0 2 0
3809 14345 0 2 2 0
3841 14401 0 0 1 1
384a 14410 0 2 1 1
384c 14412 0 0 1 1
3886 14470 0 2 2 0
38be 14526 0 0 2 0
38c1 14529 1 0 2 0
38cb 14539 0 1 2 0
38ce 14542 0 0 2 0
38cf 14543 1 1 2 0
38da 14554 1 0 2 0
38df 14559 0 2 2 0
38f5 14581 0 1 2 0
3931 14641 0 1 2 0
3935 14645 1 1 2 0
3938 14648 0 1 2 0
3994 14740 1 0 2 0
399e 14750 1 0 2 0
39a8 14760 1 1 2 0
39b4 14772 0 0 2 0
39b5 14773 2 0 2 0
39b6 14774 1 1 2 0
39bf 14783 0 0 2 0
39c5 14789 0 0 2 0
39c8 14792 0 0 2 0
39da 14810 1 0 2 0
39e6 14822 0 2 2 0
39ea 14826 0 0 2 0
39f4 14836 1 0 2 0
39f6 14838 0 1 2 0
39fa 14842 0 1 2 0
3a03 14851 0 1 2 0
3a0b 14859 0 0 2 0
3a0d 14861 0 2 2 0
3a11 14865 0 0 2 0
3a21 14881 1 0 2 0
3ae1 15073 1 0 2 0
3b0c 15116 0 0 2 0
3b19 15129 0 1 2 0
3b1e 15134 0 2 2 0
3b1f 15135 0 0 2 0
3b3d 15165 0 0 2 0
3bcb 15307 0 1 2 0
3bde 15326 0 1 2 0
3c21 15393 0 1 2 0
3c42 15426 1 0 1 1
3c4a 15434 0 2 2 0
3c4c 15436 0 0 2 0
3c61 15457 0 2 2 0
3cdc 15580 0 0 2 0
3cfa 15610 0 0 2 0
3d00 15616 0 0 2 0
3d43 15683 2 0 2 0
3d66 15718 0 0 1 1
3d67 15719 0 1 2 0
3d96 15766 0 0 2 0
3d97 15767 0 0 2 0
3d98 15768 1 1 2 0
3d9c 15772 1 0 2 0
3dc6 15814 1 0 2 0
3de0 15840 1 0 2 0
3de4 15844 0 2 2 0
3dfb 15867 1 0 2 0
3e1b 15899 0 1 2 0
3e2e 15918 0 1 2 0
3e2f 15919 0 1 2 0
3e42 15938 1 1 2 0
3e74 15988 1 0 2 0
3ea5 16037 0 0 2 0
3ef6 16118 2 0 2 0
3fb0 16304 0 1 2 0
3fe7 16359 1 0 2 0
406d 16493 0 0 2 0
4129 16681 1 1 2 0
4139 16697 0 0 2 0
4143 16707 0 1 2 0
414f 16719 1 0 2 0
4150 16720 1 0 2 0
4154 16724 0 2 2 0
4156 16726 1 0 2 0
416e 16750 0 1 0 2
